4
94
116
117
125
133
154
190
197
206
260
284
285
301
341
379
384
385
395
412
419
455
504
523
525
559
562
606
616
638
663
698
699
723
732
762
797
804
825
827
848
851
853
860
875
899
901
924
936
953
956
991
995
1002
1012
1021
1059
1065
1139
1141
1145
1150
1154
1203
1214
1243
1248
1256
1282
1331
1348
1384
1409
1528
1531
1570
1573
1631
1646
1664
1680
1685
1693
1733
1734
1753
1757
1792
1794
1802
1838
1843
1865
1899
1906
1917
1944
1958
1975
1982
1984
1997
2027
2035
2047
2055
2061
2128
2143
2156
2158
2160
2188
2190
2193
2200
2205
2219
2237
2265
2291
2326
2376
2386
2427
2444
2449
2479
2551
2557
2612
2613
2621
2695
2701
2712
2724
2747
2766
2773
2783
2786
2808
2814
2838
2869
2870
2896
2904
2912
2914
2919
2958
2967
2976
2993
3019
3054
3059
3060
3108
3122
3124
3136
3146
3147
3152
3157
3170
3183
3234
3236
3261
3267
3301
3302
3327
3330
3342
3343
3345
3348
3368
3369
3389
3391
3420
3444
3476
3490
3502
3512
3522
3533
3546
3572
3577
3579
3584
3596
3600
3677
3713
3746
3748
3762
3812
3818
3850
3854
3877
3884
3900
3913
3943
3993
4029
4045
4070
4102
4115
4123
4164
4167
4186
4249
4268
4366
4367
4372
4380
4413
4432
4448
4469
4491
4514
4516
4517
4543
4558
4567
4583
4591
4612
4618
4634
4636
4642
4659
4668
4706
4727
4728
4736
4737
4742
4806
4828
4836
4850
4859
4864
4869
4875
4879
4896
4911
4912
4947
4949
4971
4980